                2     3                                                                                                                                                                                                                                        42                                                                            55                                                                                                                      75                                                                                                                               
   40    65    79   116   156   194   234   272   311   347   385   426   463   501   541   578   615   654   692   733   771   810   846   884   959   983   998  1036  1073  1113  1149  1187  1228  1266  1304  1343  1383  1423  1460  1518  1534  1558  1571  1652  1678  1692  1727  1765  1805  1884  1923  1997  2023  2036  2074  2112  2153  2226  2252  2265  2303  2342  2384  2421  2458  2495  2532  2573  2611  2650  2688  2727  2798  2823  2838  2875  2917  2956  2995  3034  3070  3110  3148  3188  3225  3265  3301  3357  3372  3397  3413  3493  3517  3531  3568  3607  3650 
   40    65    81   118   156   194   234   272   311   347   385   426   463   501   541   578   615   654   692   733   771   810   846   884   959   983   998  1036  1073  1113  1149  1187  1228  1266  1304  1343  1383  1423  1460  1518  1534  1558        1652  1678  1692  1727  1765  1805  1884  1923  1997  2023  2036  2074  2114  2153  2226  2252  2265  2303  2342  2384  2421  2458  2495  2532  2573  2611  2650  2688  2727  2798  2823  2838        2917  2956  2995  3034  3070  3110  3148  3188  3225  3265  3301  3357  3372  3397  3413  3493  3517  3531  3568  3607  3650 
																																								
numDifferent: 57a


                                                                                                                                                                                                                                                               40                                                          49                                                                                                                                                                                                                                         
   40    65    81   118   156   194   234   272   311   347   385   426   463   501   541   578   615   654   692   733   771   810   846   884   959   983   998        1073  1113  1149  1187  1228  1266  1304  1343  1383  1423  1460  1518  1534              1652  1678  1692  1727  1765  1805  1884  1923  1997        2036  2074  2114  2153  2226  2252  2265  2303  2342  2384  2421  2458  2495  2532  2573  2611  2650  2688  2727  2798  2823  2838         2917  2956  2995  3034  3070  3110  3148  3188  3225  3265  3301  3357  3372  3397  3413  3493  3517        3568  3607  3650 
   40    65    81   118   156   194   234   272   311   347   385   426   463   501   541   578   615   654   692   733   771   810   846   884   959   983   998  1036  1073  1113  1149  1187  1228  1266  1304  1343  1383  1423  1460  1518  1534  1558        1652  1678  1692  1727  1765  1805  1884  1923  1997  2023  2036  2074  2114  2153  2226  2252  2265  2303  2342  2384  2421  2458  2495  2532  2573  2611  2650  2688  2727  2798  2823  2838         2917  2956  2995  3034  3070  3110  3148  3188  3225  3265  3301  3357  3372  3397  3413  3493  3517  3531  3568  3607  3650 
numDifferent: 68


Lists are not the same size list1: 97 list12: 95

[  40,         81,  118,  156,  194,  234,  272,  311,  347,  385 , 426,  463,  501,  541,  578,  615 , 654 , 692 , 733,  771,  810,  846 , 884 , 922, 959,        998, 1036, 1073, 1113, 1149, 1187, 1228, 1266, 1304, 1343, 1383, 1423, 1460, 1499,    1534,       1572, 1610, 1652, 1692, 1727, 1765, 1805, 1845, 1884, 1923, 1961, 1997, 2036, 2074, 2114, 2153, 2191, 2226, 2265, 2303, 2342, 2384, 2421, 2458, 2495, 2532, 2573, 2611, 2650, 2688, 2727, 2764, 2798, 2838, 2876, 2917, 2956, 2995, 3034, 3070, 3110, 3148, 3188, 3225, 3265, 3301, 3340, 3372, 3413, 3451, 3493, 3531, 3568, 3607, 3650]
   40    65    81   118   156   194   234   272   311   347   385   426   463   501   541   578   615   654   692   733   771   810   846   884        959   983   998  1036  1073  1113  1149  1187  1228  1266  1304  1343  1383  1423  1460     1518  1534  1558  1572        1652  1678  1692  1727  1765  1805  1884  1923  1997  2023  2036  2074  2114  2153  2226  2252  2265  2303  2342  2384  2421  2458  2495  2532  2573  2611  2650  2688  2727  2798  2823  2838  2876  2917  2956  2995  3034  3070  3110  3148  3188  3225  3265  3301  3357  3372  3397  3413  3493  3517  3531  3568  3607  3650 

   40    65    81   118   156   194   234   272   311   347   385   426   463   501   541   578   615   654   692   733   771   810   846   884        959   983   998  1036  1073  1113  1149  1187  1228  1266  1304  1343  1383  1423  1460  1518  1534  1558        1652  1678  1692  1727  1765  1805  1884  1923  1997  2023  2036  2074  2114  2153  2226  2252  2265  2303  2342  2384  2421  2458  2495  2532  2573  2611  2650  2688  2727  2798  2823  2838        2917  2956  2995  3034  3070  3110  3148  3188  3225  3265  3301  3357  3372  3397  3413  3493  3517  3531  3568  3607  3650 
numDifferent: 55



Lists are not the same size list1: 97 list12: 96
   0    1                                                                                                                    24    25                                                                                                                                                     54   55                                                                                       72   73                                                                         88   89                                     96 


[  40,        81, 118, 156, 194, 234, 272, 311, 347, 385, 426, 463, 501, 541, 578, 615, 654, 692, 733, 771, 810, 846, 884, 922, 959,       998, 1036, 1073, 1113, 1149, 1187, 1228, 1266, 1304, 1343, 1383, 1423, 1460, 1499,       1534,       1572, 1610, 1652,       1692, 1727, 1765, 1805, 1845, 1884, 1923, 1961, 1997,       2036, 2074,  err  2114, 2153, 2191, 2226,       2265, 2303, 2342, 2384, 2421, 2458, 2495, 2532, 2573, 2611, 2650, 2688, 2727, 2764, 2798,       2838, 2876, 2917, 2956, 2995, 3034, 3070, 3110, 3148, 3188, 3225, 3265, 3301,       3340, 3372,       3413, 3451, 3493,       3531, 3568, 3607, 3650]
   40    65   81  118  156  194  234  272  311  347  385  426  463  501  541  578  615  654  692  733  771  810  846  884       959   983  998  1036  1073  1113  1149  1187  1228  1266  1304  1343  1383  1423  1460        1518  1534  1558  1572        1652  1678  1692  1727  1765  1805        1884  1923        1997  2023  2036  2074        2114  2153        2226  2252  2265  2303  2342  2384  2421  2458  2495  2532  2573  2611  2650  2688  2727        2798  2823  2838  2876  2917  2956  2995  3034  3070  3110  3148  3188  3225  3265  3301  3357        3372  3397  3413        3493  3517  3531  3568  3607  3650 
 0.75  0.25  1.0  1.0  1.0  1.0  1.0  1.0  1.0  1.0  1.0  1.0  1.0  1.0  1.0  1.0  1.0  1.0  1.0  1.0  1.0  1.0  1.0  2.0      0.75  0.25  1.0   1.0   1.0   1.0   1.0   1.0   1.0   1.0   1.0   1.0   1.0  1.0    1.5        0.5   0.75  0.25   2.0        0.75  0.25   1.0   1.0   1.0   2.0         1.0   2.0        0.75  0.25   1.0   1.5         0.5   2.0        0.75  0.25   1.0   1.0   1.0   1.0   1.0   1.0   1.0   1.0   1.0   1.0   1.0   1.0   2.0        0.75  0.25   1.0   1.0   1.0   1.0   1.0   1.0   1.0   1.0   1.0   1.0   1.0   1.0   1.5   0.5        0.75  0.25   2.0        0.75  0.25   1.0   1.0   1.0   2.0 
 0.50  0.50  1.0  1.0  1.0  1.0  1.0  1.0  1.0  1.0  1.0  1.0  1.0  1.0  1.0  1.0  1.0  1.0  1.0  1.0  1.0  1.0  1.0  2.0      0.50  0.50  1.0   1.0   1.0   1.0   1.0   1.0   1.0   1.0   1.0   1.0   1.0  1.0    1.5        0.5   0.75  0.25   2.0        0.75  0.25   1.0   1.0   1.0   2.0         1.0   2.0        0.75  0.25   1.0   1.0         1.0   2.0        0.75  0.25   1.0   1.0   1.0   1.0   1.0   1.0   1.0   1.0   1.0   1.0   1.0   1.0   2.0        0.50  0.50   1.0   1.0   1.0   1.0   1.0   1.0   1.0   1.0   1.0   1.0   1.0   1.0   1.5   0.5        0.50  0.50   2.0        0.75  0.25   1.0   1.0   1.0 
1st row tracked beats
2nd row onsets
3rd row desired note lengths
4th row detechted note lengths

The beats were tracked perfectly, other than the one 0.5 is not on beat.
numDifferent between 3rd and 4th: 11



Known bugs:
First onset not on beat.
Notes durations not .25, .5, ...
If a note is off slightly, it will mess everything else up terribly if not near the very end of the song.    - Try to fix. A good note to screw up whould be averaging two modal frequency with The Sprit of God.
														Or choose different random ones and make them off by a half note.

