1 2 1 1 2 1 1 2 1 1 1.5 .5 1 
1 1 1 1 1 1 1 1 1 1 1  1 1 3  - first two stanzas

1 2 1 1 2 1 1 2 1 1 1.5 .5 1
1 1 1 1 1 1 1 1 1 1 1 1  1 3



1 2 1 1 2 1 1 1 1 1 1 1 1 .5 .5
.5 .5 2 1 1 2 1 1 2 1.5 .5 3

1 1 1 1 1 2 1 1 1.5 .5 1 1 1 1 .5 .5
.5 .5 1.5 .5 .5 .5 .5 .5 1 1 1 1 2 1 1 3





1 2 (2)1 2 (2)1 2 (2)1 1.5 .5 1 
(13)1 3  				- first two stanzas

1 2 (2)1 2 (2)1 2 (2)1 1.5 .5 1
(13)1 3

1 2 (2)1 2 (8)1 (2).5
(2).5 2 (2)1 2 (2)1 2 1.5 .5 3

(5)1 2 (2)1 1.5 .5 (4)1 (2).5
(2).5 1.5 (5).5 (4)1 2 (2)1 3

