O: 1.0 1.0  1.0  1.0  1.0 3.0 1.0  1.0  0.5 0.5 1.0  1.0 3.0 1.0  1.0  1.0  1.0 1.0 2.0 2.0 1.0  1.0  1.0  1.0 3.0 1.0  1.0 1.0  1.0  1.0  3.0 1.0 1.0  1.0  1.0 1.0 3.0 1.0  2.0 2.0 1.0  1.0  1.0 1.0  2.0 2.0 3.0 
L: 1.0 1.0  1.0  1.0  1.0 2.0 0.75 1.0  0.5 0.5 1.0  1.0 3.0 1.0  1.0  1.0  1.0 1.0 1.5 1.5 1.0  1.0  1.0  1.0 2.0 0.75 1.0 1.0  1.0  1.0  3.0 1.0 0.5  0.5  1.0 1.0 3.0 1.0  2.0 2.0 1.0  1.0  1.0 1.0  2.0 2.0 4.0 w: 
                          AAA AAA                                                   AAA AAA                    AAA AAA                             AAA  AAA                                                      AAA           
S: 1.0 0.75 0.75 0.75 1.0 3.0 0.75 0.75 0.5 0.5 0.75 1.0 3.0 0.75 0.75 0.75 1.0 1.0 1.5 2.0 0.75 0.75 0.75 1.0 3.0 0.75 1.0 0.75 0.75 0.75 3.0 1.0 0.75 0.75 1.0 1.0 3.0 0.75 2.0 2.0 0.75 0.75 1.0 0.75 2.0 2.0 4.0 
       AAA  AAA  AAA          AAA  AAA          AAA          AAA  AAA  AAA          AAA                            AAA      AAA  AAA  AAA          AAA  AAA              AAA          AAA  AAA      AAA          AAA     
R: 1.0 1.0  1.0  1.0  1.0 2.5 1.0  1.0  0.5 0.5 1.0  1.0 2.5 1.0  1.0  1.0  1.0 1.0 1.5 2.0 1.0  1.0  1.0  1.0 2.5 1.0  1.0 1.0  1.0  1.0  3.0 1.0 1.0  0.5  1.0 1.0 2.5 1.0  2.0 2.0 1.0  1.0  1.0 1.0  2.0 2.0 4.5 
                          AAA                            AAA                        AAA                        AAA                                      AAA          AAA                                         AAA 


1.0 1.0 1.0 1.0 1.0 3.0 1.0 1.0 0.5 0.5 1.0 1.0 3.0 1.0 1.0 1.0 1.0 1.0 2.0 2.0 1.0 1.0 1.0 1.0 3.0 1.0 1.0 1.0 1.0 1.0 3.0 1.0 1.0 1.0 1.0 1.0 3.0 1.0 2.0 2.0 1.0 1.0 1.0 1.0 2.0 2.0 4.5 
0.5 0.5 0.5 0.5 0.5 2.5 0.5 0.5 0.5 0.0 0.5 0.5 2.5 0.5 0.5 0.5 0.5 0.5 1.5 1.5 0.5 0.5 0.5 0.5 2.5 0.5 0.5 0.5 0.5 0.5 2.5 0.5 0.5 0.5 0.5 0.5 2.5 0.5 1.5 1.5 0.5 0.5 0.5 0.5 1.5 1.5 4.0 
1.0 1.0 1.0 1.0 1.0 2.5 1.0 1.0 0.5 0.5 1.0 1.0 2.5 1.0 1.0 1.0 1.0 1.0 1.5 2.0 1.0 1.0 1.0 1.0 2.5 1.0 1.0 1.0 1.0 1.0 3.0 1.0 1.0 0.5 1.0 1.0 2.5 1.0 2.0 2.0 1.0 1.0 1.0 1.0 2.0 2.0 4.5 
0.9 0.75 0.85 0.8 0.9 2.55 0.75 0.85 0.5 0.45 0.8 0.9 2.65 0.85 0.8 0.8 0.9 0.9 1.7 1.75 0.8 0.8 0.85 0.9 2.65 0.75 0.9 0.85 0.8 0.85 2.75 0.9 0.75 0.7 0.95 0.9 2.55 0.85 1.75 1.75 0.8 0.75 0.9 0.8 1.75 1.75 4.45 
Error: Notes don't add to a beat length
